$ 1 5.0E-6 10.20027730826997 50 5.0 50
151 448 272 512 272 0 2 0.0
s 160 240 224 240 0 1 false
s 224 272 288 272 0 0 false
s 288 352 352 352 0 1 true
155 352 320 384 320 0 5.0
I 224 240 288 240 0 0.5
151 288 256 384 256 0 2 0.0
w 160 96 160 240 0
w 224 272 160 272 0
w 160 272 160 240 0
w 448 320 448 288 0
w 448 384 352 320 0
w 288 352 160 352 0
w 160 272 160 352 0
R 160 96 160 64 0 0 40.0 12.0 0.0 0.0 0.5
r 592 208 592 256 0 1000.0
t 544 272 592 272 0 1 -11.9999999999 0.0 100.0
w 592 208 592 96 0
w 160 96 592 96 0
g 592 336 592 368 0
w 512 272 544 272 2
151 384 240 448 240 0 2 5.0
w 384 224 384 256 0
w 448 240 448 256 0
w 592 336 592 288 0
o 17 64 0 35 20.0 0.0125 0 -1
